aux <- 10
aux_2 <-15
aux_3 <-5